Jun 24, 2025, 8:35:56 PM	dataset test2
Jun 24, 2025, 8:35:56 PM	V: 10 E: 17
Jun 24, 2025, 8:35:57 PM	motif triangle
Jun 24, 2025, 8:35:57 PM	Num components 2
Jun 24, 2025, 8:35:57 PM	Densest Core 
Jun 24, 2025, 8:35:57 PM	1 2 3 4 5 6 7 8 9
Jun 24, 2025, 8:35:57 PM	result 
Jun 24, 2025, 8:35:57 PM	1 2 3 4 5
Jun 24, 2025, 8:35:57 PM	density 1.0
Jun 24, 2025, 8:35:57 PM	Num cliques 5
Jun 24, 2025, 8:35:57 PM	Num verticies 5
Jun 24, 2025, 8:35:57 PM	Total Time: 215ms
Jun 24, 2025, 8:35:57 PM	


Jun 24, 2025, 8:35:58 PM	dataset AutonomousSystems
Jun 24, 2025, 8:35:58 PM	V: 6474 E: 13895
Jun 24, 2025, 8:35:58 PM	motif triangle
Jun 24, 2025, 8:35:58 PM	Num components 1
Jun 24, 2025, 8:35:58 PM	Densest Core 
Jun 24, 2025, 8:35:58 PM	0 1 2 3 4 5 6 7 8 9 10 16 20 21 22 24 26 28 38 41 47 49 51 56 60 92 101 131 148 173 180 196 653
Jun 24, 2025, 8:35:58 PM	result 
Jun 24, 2025, 8:35:58 PM	0 1 2 3 4 5 6 7 8 9 10 16 20 21 22 24 26 28 38 41 47 49 51 56 60 92 101 131 148 173 180 196 653
Jun 24, 2025, 8:35:58 PM	density 35.90909090909091
Jun 24, 2025, 8:35:58 PM	Num cliques 1185
Jun 24, 2025, 8:35:58 PM	Num verticies 33
Jun 24, 2025, 8:35:58 PM	Total Time: 541ms
Jun 24, 2025, 8:35:58 PM	


Jun 24, 2025, 8:36:00 PM	dataset emails
Jun 24, 2025, 8:36:00 PM	V: 36692 E: 367662
Jun 24, 2025, 8:36:00 PM	motif triangle
Jun 24, 2025, 8:36:31 PM	Num components 1
Jun 24, 2025, 8:36:33 PM	Densest Core 
Jun 24, 2025, 8:36:33 PM	56 72 74 75 76 78 83 88 89 93 95 106 107 109 111 116 131 134 136 140 143 144 146 155 164 165 171 172 175 180 184 186 188 192 194 195 205 213 215 224 225 228 229 232 233 234 235 240 241 243 244 245 250 255 263 264 265 269 273 274 292 293 299 300 308 312 313 314 315 316 319 326 335 336 340 343 345 353 354 355 357 360 367 368 370 378 382 383 388 398 400 402 403 404 406 416 417 420 423 425 426 430 438 441 442 443 444 446 448 449 450 452 454 456 458 462 469 470 471 473 477 478 479 480 481 487 488 489 490 492 493 498 499 504 508 509 510 515 516 519 520 525 526 528 530 533 538 539 549 550 551 554 556 559 560 562 563 564 565 566 568 570 572 573 575 576 581 582 585 586 588 591 592 593 595 596 599 604 611 613 614 621 624 631 639 640 641 642 645 652 653 658 659 662 664 666 672 675 676 677 678 681 684 686 687 688 692 694 700 712 716 719 723 734 752 762 771 772 779 780 787 794 796 797 802 803 804 815 816 823 824 830 839 842 851 852 884 889 893 907 915 920 923 924 925 948 1026 1027 1028 1030 1031 1032 1036 1040 1042 1043 1044 1045 1046 1048 1049 1050 1052 1061 1068 1069 1070 1072 1076 1077 1082 1083 1084 1087 1095 1101 1102 1103 1104 1110 1111 1114 1118 1121 1127 1132 1137 1139 1146 1147 1152 1154 1159 1162 1163 1164 1165 1170 1174 1176 1185 1189 1190 1191 1193 1209 1213 1216 1217 1233 1234 1236 1245 1297 1308 1310 1320 1330 1340 1341 1350 1371 1387 1395 1396 1430 1438 1458 1461 1476 1478 1481 1507 1528 1552 1559 1566 1628 1652 1653 1654 1657 1667 1672 1686 1765 1771 1816 1835 1842 1885 1935 2091 2263 2276 2568 2572 2573 2577 2580 2619 2651 2654 2723 2740 2743 2750 2777 2977 3016 3075 3108 3161 3237 3915 4027 4056 4063 4223 4513 4524 4534 4616 4681 5167 5464 5733 6565 6653 7607
Jun 24, 2025, 8:36:33 PM	result 
Jun 24, 2025, 8:36:33 PM	56 72 74 75 76 78 83 88 89 93 95 106 107 109 111 116 131 134 136 140 143 144 146 155 164 165 171 172 175 180 184 186 188 192 194 195 205 213 215 224 225 228 229 232 233 234 235 240 241 243 244 245 250 255 263 264 265 269 273 274 292 293 299 300 308 312 313 314 315 316 319 326 335 336 340 343 345 353 354 355 357 360 367 368 370 378 382 383 388 398 400 402 403 404 406 416 417 420 423 425 426 430 438 441 442 443 444 446 448 449 450 452 454 456 458 462 469 470 471 473 477 478 479 480 481 487 488 489 490 492 493 498 499 504 508 509 510 515 516 519 520 525 526 528 530 533 538 539 549 550 551 554 556 559 560 562 563 564 565 566 568 570 572 573 575 576 581 582 585 586 588 591 592 593 595 596 599 604 611 613 614 621 624 631 639 640 641 642 645 652 653 658 659 662 664 666 672 675 676 677 678 681 684 686 687 688 692 694 700 712 716 719 723 734 752 762 771 772 779 780 787 794 796 797 802 803 804 815 816 823 824 830 839 842 851 852 884 889 893 907 915 920 923 924 925 948 1026 1027 1028 1030 1031 1032 1036 1040 1042 1043 1044 1045 1046 1048 1049 1050 1052 1061 1068 1069 1070 1072 1076 1077 1082 1083 1084 1087 1095 1101 1102 1103 1104 1110 1111 1114 1118 1121 1127 1132 1137 1139 1146 1147 1152 1154 1159 1162 1163 1164 1165 1170 1174 1176 1185 1189 1190 1191 1193 1209 1213 1216 1217 1233 1234 1236 1245 1297 1308 1310 1320 1330 1340 1341 1350 1371 1387 1395 1396 1430 1438 1458 1461 1476 1478 1481 1507 1528 1552 1559 1566 1628 1652 1653 1654 1657 1667 1672 1686 1765 1771 1816 1835 1842 1885 1935 2091 2263 2276 2568 2572 2573 2577 2580 2619 2651 2654 2723 2740 2743 2750 2777 2977 3016 3075 3108 3161 3237 3915 4027 4056 4063 4223 4513 4524 4534 4616 4681 5167 5464 5733 6565 6653 7607
Jun 24, 2025, 8:36:33 PM	density 808.8923076923077
Jun 24, 2025, 8:36:33 PM	Num cliques 315468
Jun 24, 2025, 8:36:33 PM	Num verticies 390
Jun 24, 2025, 8:36:33 PM	Total Time: 33005ms
Jun 24, 2025, 8:36:33 PM	


Jun 24, 2025, 8:36:34 PM	dataset crocodileWikipedia
Jun 24, 2025, 8:36:34 PM	V: 11632 E: 180020
Jun 24, 2025, 8:36:34 PM	motif triangle
Jun 24, 2025, 8:36:43 PM	Num components 1
Jun 24, 2025, 8:36:44 PM	Densest Core 
Jun 24, 2025, 8:36:44 PM	2 34 45 76 163 196 197 229 244 268 273 293 303 339 347 352 382 419 452 535 555 631 637 643 667 716 731 774 861 871 903 998 1036 1040 1119 1142 1166 1276 1307 1376 1467 1495 1581 1627 1642 1764 1773 1804 1822 1824 1911 1912 1929 2008 2039 2072 2088 2139 2156 2185 2229 2250 2283 2311 2396 2452 2472 2486 2528 2535 2542 2581 2630 2671 2689 2713 2729 2741 2746 2759 2775 2803 2883 2942 2982 3052 3055 3092 3165 3189 3197 3216 3248 3261 3305 3407 3432 3451 3485 3514 3525 3680 3713 3793 3803 3897 3999 4013 4060 4154 4156 4164 4213 4340 4342 4428 4440 4458 4493 4526 4531 4568 4583 4629 4634 4640 4696 4742 4835 4847 4882 4890 5029 5045 5051 5083 5149 5182 5213 5286 5307 5412 5457 5500 5529 5570 5662 5695 5743 5759 5780 5798 5909 6021 6031 6067 6103 6143 6145 6158 6177 6241 6248 6281 6381 6407 6411 6429 6461 6588 6703 6726 6781 6852 6904 6905 6910 6947 7010 7108 7123 7131 7157 7165 7232 7255 7257 7270 7271 7282 7414 7450 7463 7478 7559 7674 7690 7719 7721 7730 7792 7836 7905 7924 7952 7961 7969 8059 8089 8182 8209 8254 8260 8261 8280 8283 8287 8300 8321 8359 8396 8426 8519 8526 8552 8582 8594 8665 8674 8697 8715 8818 8825 8857 8909 8931 8969 8972 9001 9018 9035 9048 9071 9168 9190 9191 9264 9325 9360 9412 9448 9459 9463 9473 9525 9533 9580 9610 9632 9681 9684 9690 9773 9780 9837 9854 9875 9910 9914 9963 9972 9983 9987 10000 10004 10081 10089 10135 10157 10169 10251 10289 10299 10340 10347 10375 10480 10501 10556 10605 10694 10697 10725 10732 10761 10841 10870 10892 10902 10928 10947 10968 11022 11027 11054 11105 11146 11216 11230 11258 11293 11300 11302 11361 11388 11391 11393 11419 11484 11491 11509 11535 11554 11576 11592 11623 11625
Jun 24, 2025, 8:36:44 PM	result 
Jun 24, 2025, 8:36:44 PM	2 34 45 76 163 196 197 229 244 268 273 293 303 339 347 352 382 419 452 535 555 631 637 643 667 716 731 774 861 871 903 998 1036 1040 1119 1142 1166 1276 1307 1376 1467 1495 1581 1627 1642 1764 1773 1804 1822 1824 1911 1912 1929 2008 2039 2072 2088 2139 2156 2185 2229 2250 2283 2311 2396 2452 2472 2486 2528 2535 2542 2581 2630 2671 2689 2713 2729 2741 2746 2759 2775 2803 2883 2942 2982 3052 3055 3092 3165 3189 3197 3216 3248 3261 3305 3407 3432 3451 3485 3514 3525 3680 3713 3793 3803 3897 3999 4013 4060 4154 4156 4164 4213 4340 4342 4428 4440 4458 4493 4526 4531 4568 4583 4629 4634 4640 4696 4742 4835 4847 4882 4890 5029 5045 5051 5083 5149 5182 5213 5286 5307 5412 5457 5500 5529 5570 5662 5695 5743 5759 5780 5798 5909 6021 6031 6067 6103 6143 6145 6158 6177 6241 6248 6281 6381 6407 6411 6429 6461 6588 6703 6726 6781 6852 6904 6905 6910 6947 7010 7108 7123 7131 7157 7165 7232 7255 7257 7270 7271 7282 7414 7450 7463 7478 7559 7674 7690 7719 7721 7730 7792 7836 7905 7924 7952 7961 7969 8059 8089 8182 8209 8254 8260 8261 8280 8283 8287 8300 8321 8359 8396 8426 8519 8526 8552 8582 8594 8665 8674 8697 8715 8818 8825 8857 8909 8931 8969 8972 9001 9018 9035 9048 9071 9168 9190 9191 9264 9325 9360 9412 9448 9459 9463 9473 9525 9533 9580 9610 9632 9681 9684 9690 9773 9780 9837 9854 9875 9910 9914 9963 9972 9983 9987 10000 10004 10081 10089 10135 10157 10169 10251 10289 10299 10340 10347 10375 10480 10501 10556 10605 10694 10697 10725 10732 10761 10841 10870 10892 10902 10928 10947 10968 11022 11027 11054 11105 11146 11216 11230 11258 11293 11300 11302 11361 11388 11391 11393 11419 11484 11491 11509 11535 11554 11576 11592 11623 11625
Jun 24, 2025, 8:36:44 PM	density 706.8195718654434
Jun 24, 2025, 8:36:44 PM	Num cliques 231130
Jun 24, 2025, 8:36:44 PM	Num verticies 327
Jun 24, 2025, 8:36:44 PM	Total Time: 9984ms
Jun 24, 2025, 8:36:44 PM	


Jun 24, 2025, 8:36:45 PM	dataset randomGraph1
Jun 24, 2025, 8:36:45 PM	V: 500 E: 6276
Jun 24, 2025, 8:36:45 PM	motif triangle
Jun 24, 2025, 8:36:45 PM	Num components 1
Jun 24, 2025, 8:37:11 PM	Densest Core 
Jun 24, 2025, 8:37:11 PM	0 1 2 3 4 6 7 8 9 10 11 12 13 14 15 16 18 19 20 21 22 23 24 25 27 28 29 30 31 32 33 34 35 36 37 38 39 40 41 42 43 44 45 46 47 48 49 50 51 52 53 54 55 56 57 58 59 60 61 62 63 64 65 66 67 68 70 71 72 73 74 75 76 77 78 79 80 81 82 83 84 85 86 87 88 89 90 91 92 93 94 95 96 97 98 99 100 101 102 104 105 106 107 108 109 110 111 112 113 114 115 116 117 118 119 120 121 122 123 124 125 126 127 128 129 130 131 132 133 134 135 136 137 138 139 140 141 142 143 144 145 146 147 148 149 150 151 152 153 154 155 156 157 158 159 160 161 162 163 164 165 166 167 168 169 170 171 172 173 174 175 176 177 179 180 181 182 183 184 185 186 187 188 189 190 191 192 193 194 195 196 197 198 199 200 201 202 204 205 206 207 208 209 210 211 212 213 214 215 216 217 218 219 220 221 222 223 224 225 227 228 229 230 231 232 233 234 235 236 237 238 239 241 242 243 244 245 246 247 248 249 250 251 252 253 254 255 256 257 258 259 260 261 262 263 264 265 266 267 268 269 270 271 272 273 274 275 276 277 278 279 280 281 282 283 284 285 286 287 288 289 290 291 292 293 294 295 296 297 298 299 301 302 303 304 305 306 307 308 309 310 311 312 313 314 315 316 317 318 319 320 321 322 323 324 325 326 327 328 329 330 331 332 333 334 335 336 337 338 339 341 342 343 344 345 346 347 348 349 351 352 353 354 355 356 357 358 359 360 361 362 363 364 365 366 367 368 369 370 371 372 373 374 375 376 377 378 379 380 381 382 383 384 385 386 387 388 389 390 391 392 393 394 395 396 397 398 399 401 402 403 404 405 406 407 409 410 411 412 413 414 415 416 417 418 419 420 421 422 423 424 425 426 427 428 429 430 431 432 433 434 435 436 438 439 440 441 442 443 444 445 446 447 448 449 452 453 454 455 456 457 458 460 461 462 463 464 465 466 467 468 469 470 471 472 473 474 475 476 477 478 479 480 481 482 483 484 485 486 487 488 489 490 491 492 493 494 495 496 497 498 499
Jun 24, 2025, 8:37:11 PM	result 
Jun 24, 2025, 8:37:11 PM	0 1 2 3 4 6 7 8 9 10 11 12 13 14 15 16 18 19 20 21 22 23 24 25 27 28 29 30 31 32 33 34 35 36 37 38 39 40 41 42 43 44 45 46 47 48 49 50 51 52 53 54 55 56 57 58 59 60 61 62 63 64 65 66 67 68 70 71 72 73 74 75 76 77 78 79 80 81 82 83 84 85 86 87 88 89 90 91 92 93 94 95 96 97 98 99 100 101 102 104 105 106 107 108 109 110 111 112 113 114 115 116 117 118 119 120 121 122 123 124 125 126 127 128 129 130 131 132 133 134 135 136 137 138 139 140 141 142 143 144 145 146 147 148 149 150 151 152 153 154 155 156 157 158 159 160 161 162 163 164 165 166 167 168 169 170 171 172 173 174 175 176 177 179 180 181 182 183 184 185 186 187 188 189 190 191 192 193 194 195 196 197 198 199 200 201 202 204 205 206 207 208 209 210 211 212 213 214 215 216 217 218 219 220 221 222 223 224 225 227 228 229 230 231 232 233 234 235 236 237 238 239 241 242 243 244 245 246 247 248 249 250 251 252 253 254 255 256 257 258 259 260 261 262 263 264 265 266 267 268 269 270 271 272 273 274 275 276 277 278 279 280 281 282 283 284 285 286 287 288 289 290 291 292 293 294 295 296 297 298 299 301 302 303 304 305 306 307 308 309 310 311 312 313 314 315 316 317 318 319 320 321 322 323 324 325 326 327 328 329 330 331 332 333 334 335 336 337 338 339 341 342 343 344 345 346 347 348 349 351 352 353 354 355 356 357 358 359 360 361 362 363 364 365 366 367 368 369 370 371 372 373 374 375 376 377 378 379 380 381 382 383 384 385 386 387 388 389 390 391 392 393 394 395 396 397 398 399 401 402 403 404 405 406 407 409 410 411 412 413 414 415 416 417 418 419 420 421 422 423 424 425 426 427 428 429 430 431 432 433 434 435 436 438 439 440 441 442 443 444 445 446 447 448 449 452 453 454 455 456 457 458 460 461 462 463 464 465 466 467 468 469 470 471 472 473 474 475 476 477 478 479 480 481 482 483 484 485 486 487 488 489 490 491 492 493 494 495 496 497 498 499
Jun 24, 2025, 8:37:11 PM	density 5.228215767634855
Jun 24, 2025, 8:37:11 PM	Num cliques 2520
Jun 24, 2025, 8:37:11 PM	Num verticies 482
Jun 24, 2025, 8:37:11 PM	Total Time: 26422ms
Jun 24, 2025, 8:37:11 PM	


Jun 24, 2025, 8:37:12 PM	dataset randomGraph2
Jun 24, 2025, 8:37:12 PM	V: 500 E: 62620
Jun 24, 2025, 8:37:12 PM	motif triangle
Jun 24, 2025, 8:42:20 PM	dataset coauthoring
Jun 24, 2025, 8:42:20 PM	V: 108300 E: 186936
Jun 24, 2025, 8:42:20 PM	motif triangle
Jun 24, 2025, 8:43:04 PM	Num components 5
Jun 24, 2025, 9:06:02 PM	Densest Core 
Jun 24, 2025, 9:06:02 PM	147 905 943 2126 3126 3372 4297 4674 6356 6700 7032 7311 7399 8688 9194 9681 10353 10711 10877 11176 11259 11469 11613 12453 12796 14096 14393 14605 15758 15845 15921 16057 16587 16963 17304 17482 18429 18871 19809 20250 20694 21977 22549 22987 23192 23614 23655 24742 25116 25209 25264 25700 25735 25867 26409 26563 26612 26750 27295 27497 27892 28524 28953 29521 29622 30874 31776 31779 32438 33099 33700 33735 33995 34133 34946 35180 35797 35816 35862 36303 36326 37206 37260 37675 38091 38381 38583 39033 39282 39829 39925 40119 41240 41915 41987 42259 42400 42722 42890 43077 43245 43484 43608 44911 44932 45310 45810 46434 46663 47362 47567 48291 48470 48576 48646 49622 50362 50771 50833 51144 51166 51599 51636 52036 52472 52775 52800 53231 53232 53994 53996 54354 55069 55739 55792 55797 56877 57164 57718 57732 57962 58201 58961 59094 59465 60292 60477 60551 61288 61356 61422 61440 62963 62990 63058 63327 63432 63926 64428 64865 65738 65922 66305 66746 66952 67903 68262 68319 68467 69645 69879 69880 71222 71980 72044 73439 73507 73927 75080 75507 76366 76899 77217 77467 78104 78207 78606 78667 79188 79950 80055 80199 80470 80510 80713 80795 81189 81359 82023 82387 83488 84338 84503 85516 85975 86808 86848 87426 87484 87897 87939 88072 88396 88690 89048 89116 89369 89652 89815 90419 90984 91133 93660 93697 93764 93884 93922 94036 94888 94975 95195 95481 95532 95940 96017 97359 97632 97797 98804 99041 99170 99884 100864 102818 103041 103064 103584 104243 104249 104543 104883 105146 105238 105256 106692 107471 107589
Jun 24, 2025, 9:06:03 PM	dataset Deezer
Jun 24, 2025, 9:06:03 PM	V: 54573 E: 498202
Jun 24, 2025, 9:06:03 PM	motif triangle
Jun 24, 2025, 9:06:25 PM	Num components 1
Jun 25, 2025, 12:13:35 AM	Densest Core 
Jun 25, 2025, 12:13:35 AM	36 117 282 308 310 485 568 570 617 655 666 768 920 1294 1335 1363 1425 1504 1545 1574 1693 1805 1879 1988 2109 2187 2333 2530 2609 2942 2944 2988 3054 3128 3195 3243 3474 3531 3597 3622 3652 3745 3747 3778 3791 3800 3864 3907 4215 4276 4280 4452 4500 4565 4727 4754 4766 4876 5075 5154 5387 5481 5575 5627 5764 6026 6091 6176 6219 6236 6342 6350 6399 6420 6444 6483 6505 6518 6633 6709 6840 6843 6850 6865 6912 6991 7104 7221 7417 7445 7686 7881 7911 7972 8326 8561 8665 8720 8742 8751 8843 8934 8977 9006 9042 9187 9260 9293 9354 9380 9412 9485 9487 9538 9542 9709 9761 9774 9788 9796 9819 9824 10160 10387 10446 10529 10645 10658 10715 10883 11123 11216 11226 11530 11612 11623 11760 11805 11812 11967 11992 12008 12204 12241 12269 12344 12366 12381 12408 12490 12533 12547 12578 12637 12652 12690 12780 13191 13284 13383 13493 13501 13571 13654 13816 13888 13996 14001 14289 14570 14644 14684 14766 14818 15037 15068 15088 15097 15098 15237 15324 15778 15929 16028 16056 16061 16136 16146 16279 16328 16378 16389 16495 16644 16683 16783 16796 16844 16947 17158 17217 17257 17262 17308 17411 17429 17439 17467 17622 17672 17705 17725 17755 17930 18035 18100 18105 18112 18194 18284 18343 18444 18492 18712 18856 18893 18909 18974 18979 19062 19092 19163 19447 19488 19618 19769 20003 20030 20077 20246 20423 20527 20706 20773 20807 20865 20876 21135 21204 21211 21262 21310 21332 21486 21577 21639 21678 22020 22056 22116 22124 22491 22652 22668 22678 22680 22800 22825 22944 22959 23018 23079 23426 23854 24254 24262 24263 24291 24322 24378 24456 24533 24590 24668 24723 24751 24932 25228 25308 25352 25364 25543 25570 25625 25730 25772 25838 25930 26145 26255 26270 26466 26501 26633 26646 26853 26968 26995 27074 27200 27212 27223 27297 27580 27660 27701 27851 27880 27959 28006 28303 28380 28397 28496 28565 28653 28669 28881 28900 29138 29174 29213 29233 29256 29393 29604 29723 29818 29836 29851 29865 29950 29960 29994 30017 30054 30064 30111 30173 30202 30304 30440 30480 30488 30536 30811 30813 30876 30902 30959 30984 31062 31112 31246 31263 31300 31537 31573 31623 31877 32136 32170 32184 32368 32421 32507 32605 32627 32714 33040 33191 33294 33421 33489 33594 33679 33711 33785 33793 33866 33933 33959 34147 34154 34365 34427 34435 34544 34801 34858 35051 35054 35266 35342 35768 35796 35858 35894 36032 36111 36121 36127 36286 36295 36373 36420 36589 36606 36780 36834 36836 36875 36961 36996 37011 37018 37037 37170 37230 37260 37273 37340 37410 37429 37450 37496 37682 37881 38021 38032 38054 38149 38182 38326 38385 38386 38701 38781 38895 39066 39125 39241 39457 39463 39584 39626 39643 39733 39747 39793 39900 39939 40131 40153 40164 40194 40270 40359 40395 40533 40823 40832 40861 41101 41172 41452 41516 41577 41736 41746 41847 41860 41881 41926 41945 42190 42213 42294 42389 42589 42611 42773 42849 42956 43080 43088 43092 43298 43372 43584 43645 43725 43779 43873 43967 43977 44191 44260 44262 44363 44372 44531 44816 44838 45004 45124 45177 45189 45272 45303 45338 45357 45360 45453 45713 45760 45988 46018 46028 46097 46169 46202 46205 46244 46414 46734 46759 46809 46824 46865 46874 46903 46905 46908 46941 47031 47061 47065 47138 47282 47322 47326 47377 47420 47466 47535 47704 47715 47872 48361 48377 48382 48543 48737 48745 48870 49043 49113 49137 49154 49162 49245 49458 49574 49732 49826 49847 49931 50076 50096 50157 50233 50243 50269 50274 50546 50741 50762 50810 50879 50888 50959 51016 51067 51144 51433 51473 51564 51574 51807 51838 51872 51924 51945 51990 52021 52057 52076 52122 52167 52291 52564 52842 52996 53013 53016 53066 53146 53175 53189 53226 53291 53292 53395 53430 53447 53554 53579 53587 53611 53722 53930 53945 54116 54361 54362 54383 54451 54510
Jun 25, 2025, 12:13:35 AM	result 
Jun 25, 2025, 12:13:35 AM	0 0 0 0 0 0 0 0 0 0 0 0 0 0 0 0 0 0 0 0 0 0 0 0 0 0 0 0 0 0 0 0 0 0 0 0 0 0 0 0 0 0 0 0 0 0 0 0 0 0 0 0 0 0 0 0 0 0 0 0
Jun 25, 2025, 12:13:35 AM	density 81.16666666666667
Jun 25, 2025, 12:13:35 AM	Num cliques 4870
Jun 25, 2025, 12:13:35 AM	Num verticies 60
Jun 25, 2025, 12:13:35 AM	Total Time: 11251612ms
Jun 25, 2025, 12:13:35 AM	


Jun 25, 2025, 12:13:35 AM	dataset randomGraph3
Jun 25, 2025, 12:13:35 AM	V: 2500 E: 31256
Jun 25, 2025, 12:13:35 AM	motif triangle
Jun 25, 2025, 12:13:36 AM	Num components 1
Jun 25, 2025, 12:13:59 AM	Densest Core 
Jun 25, 2025, 12:13:59 AM	2 4 5 8 10 12 13 15 17 19 20 22 24 26 28 30 32 33 38 39 40 42 43 44 45 46 47 48 49 50 53 54 55 57 58 60 61 62 63 64 65 67 69 70 72 73 74 75 76 77 80 82 83 85 86 87 88 89 92 94 96 97 98 99 101 102 103 104 105 106 107 108 110 113 114 116 117 118 119 120 121 122 123 124 125 126 128 130 133 134 137 140 141 142 143 144 145 147 149 150 151 154 157 158 159 160 162 163 164 165 166 168 169 171 173 174 175 178 179 180 181 182 186 187 188 189 191 192 193 194 195 196 198 199 201 202 203 204 205 207 209 210 211 213 214 215 216 217 218 220 221 222 223 224 225 226 228 230 231 232 233 235 236 238 239 241 242 244 246 248 249 251 252 253 254 255 256 257 258 259 260 261 263 265 266 267 268 270 274 275 276 278 280 281 284 286 287 288 289 290 291 292 294 295 298 299 300 301 302 304 307 308 309 310 311 312 314 315 316 318 319 320 321 323 324 325 326 327 328 330 331 332 333 334 335 337 338 340 341 342 343 345 346 350 351 352 353 354 355 357 358 359 360 362 364 366 369 370 371 372 375 376 379 380 381 382 383 384 386 388 390 391 392 393 394 398 400 401 402 403 404 407 408 410 411 412 413 414 415 416 418 419 421 422 423 424 427 428 429 430 433 434 435 436 437 438 439 440 443 444 446 448 451 453 454 455 457 459 462 463 464 467 469 471 472 473 474 477 478 479 480 481 485 486 488 489 491 493 496 498 499 501 502 503 506 507 508 509 510 511 512 513 516 517 519 521 522 523 524 525 526 528 529 530 532 533 534 535 536 537 538 541 542 543 544 546 549 550 552 556 558 559 560 561 564 565 567 568 571 572 573 574 576 577 578 582 584 586 587 588 590 591 592 593 595 597 598 602 603 605 608 610 612 614 615 617 618 619 622 624 625 626 627 628 629 630 631 632 634 635 636 637 638 639 641 642 643 644 645 646 647 648 649 651 652 653 655 656 658 659 660 661 662 664 665 666 669 671 672 674 675 676 677 679 680 681 683 684 686 687 688 690 692 693 694 695 697 702 703 704 705 706 707 708 710 711 713 715 718 719 720 721 722 724 725 727 728 729 730 733 735 738 740 742 743 744 745 748 749 751 752 754 755 756 759 760 761 763 765 766 770 772 775 776 778 779 781 783 785 786 787 788 789 791 792 793 795 796 797 798 799 800 801 802 803 804 805 807 808 809 810 813 814 815 817 820 821 824 825 826 827 828 829 830 831 832 833 835 836 838 839 842 844 846 847 848 849 850 851 852 853 855 856 857 858 861 862 864 866 868 869 873 875 876 878 879 881 882 883 885 886 888 890 891 894 895 896 897 898 899 900 901 902 903 904 906 907 908 909 910 911 913 914 915 916 917 918 919 920 921 922 923 925 926 927 928 930 931 932 934 935 936 937 942 943 944 945 946 947 948 951 952 953 955 956 957 958 962 963 964 967 968 969 970 971 972 973 975 976 977 978 979 981 983 986 988 990 992 993 995 996 997 998 999 1007 1008 1009 1011 1013 1014 1015 1016 1017 1020 1021 1022 1025 1026 1027 1029 1030 1031 1033 1034 1038 1040 1041 1042 1043 1044 1046 1048 1049 1050 1052 1053 1054 1055 1056 1058 1060 1061 1062 1063 1065 1066 1068 1069 1070 1072 1073 1074 1075 1077 1078 1079 1084 1086 1088 1089 1090 1091 1093 1094 1095 1096 1099 1100 1101 1103 1104 1105 1106 1108 1109 1110 1111 1112 1113 1114 1115 1116 1117 1118 1119 1121 1122 1123 1125 1126 1127 1128 1129 1131 1133 1134 1135 1136 1137 1138 1139 1141 1142 1143 1144 1145 1146 1147 1148 1151 1153 1154 1157 1158 1159 1160 1161 1162 1163 1164 1165 1166 1167 1169 1170 1171 1173 1175 1176 1177 1181 1182 1183 1184 1185 1186 1187 1188 1189 1190 1191 1192 1193 1194 1195 1196 1197 1198 1199 1200 1201 1202 1205 1206 1209 1210 1211 1213 1214 1216 1217 1219 1220 1221 1222 1223 1224 1226 1227 1228 1229 1230 1231 1233 1236 1237 1241 1242 1244 1245 1246 1247 1248 1249 1250 1251 1252 1258 1260 1261 1262 1263 1264 1265 1266 1267 1268 1270 1271 1274 1275 1278 1279 1281 1282 1283 1284 1285 1286 1288 1291 1292 1293 1294 1295 1296 1297 1299 1300 1301 1304 1305 1306 1307 1309 1310 1312 1313 1315 1316 1318 1321 1323 1324 1326 1327 1328 1330 1333 1334 1336 1337 1339 1340 1343 1344 1345 1346 1347 1348 1349 1351 1352 1353 1355 1356 1358 1359 1360 1361 1363 1364 1365 1366 1367 1373 1374 1377 1378 1380 1381 1382 1383 1386 1387 1390 1391 1392 1395 1396 1397 1398 1400 1401 1402 1403 1404 1405 1407 1409 1412 1414 1416 1418 1420 1421 1422 1423 1424 1425 1426 1427 1428 1429 1430 1431 1432 1434 1435 1436 1437 1438 1439 1440 1441 1442 1444 1448 1449 1450 1452 1453 1454 1455 1456 1457 1458 1459 1460 1462 1463 1466 1469 1470 1471 1472 1475 1476 1477 1478 1479 1480 1481 1482 1486 1488 1489 1490 1496 1497 1498 1499 1500 1501 1502 1503 1504 1507 1510 1512 1513 1515 1516 1517 1518 1519 1522 1524 1525 1526 1528 1529 1530 1531 1534 1535 1538 1539 1541 1542 1543 1544 1546 1547 1548 1549 1551 1552 1553 1554 1555 1556 1557 1558 1559 1561 1562 1563 1564 1566 1567 1569 1572 1577 1578 1580 1581 1582 1583 1584 1585 1586 1587 1589 1592 1593 1594 1597 1599 1600 1601 1602 1603 1606 1607 1608 1610 1611 1612 1613 1614 1615 1616 1617 1618 1619 1620 1622 1623 1624 1625 1626 1627 1628 1630 1631 1632 1633 1636 1637 1638 1639 1640 1641 1642 1644 1645 1646 1647 1648 1650 1651 1652 1653 1655 1656 1657 1663 1664 1665 1666 1668 1669 1670 1671 1673 1674 1675 1676 1677 1679 1681 1684 1685 1686 1687 1688 1693 1694 1698 1699 1700 1701 1702 1703 1704 1706 1707 1708 1709 1710 1711 1712 1713 1714 1715 1716 1717 1718 1719 1720 1723 1724 1725 1726 1727 1728 1729 1730 1731 1732 1733 1734 1735 1736 1737 1739 1740 1741 1742 1744 1748 1749 1750 1751 1753 1756 1757 1758 1759 1760 1762 1763 1764 1765 1766 1767 1768 1769 1770 1771 1772 1774 1775 1776 1777 1778 1780 1781 1782 1784 1785 1787 1788 1789 1791 1794 1795 1796 1798 1799 1800 1801 1803 1804 1805 1806 1808 1809 1811 1812 1813 1815 1818 1819 1820 1821 1822 1823 1824 1826 1827 1828 1829 1831 1832 1834 1835 1836 1837 1839 1840 1841 1842 1844 1845 1846 1847 1848 1849 1850 1852 1853 1855 1856 1858 1859 1860 1861 1862 1863 1864 1866 1867 1868 1870 1871 1873 1874 1875 1877 1878 1879 1882 1883 1884 1885 1886 1887 1888 1889 1891 1895 1897 1898 1899 1900 1901 1902 1905 1906 1907 1909 1911 1912 1913 1914 1915 1916 1917 1918 1919 1920 1921 1922 1925 1926 1927 1928 1931 1932 1933 1938 1940 1942 1943 1944 1945 1947 1948 1951 1952 1953 1954 1955 1957 1959 1960 1963 1964 1965 1966 1968 1971 1972 1974 1975 1976 1977 1978 1980 1982 1983 1985 1987 1989 1990 1991 1992 1993 1994 1996 1998 1999 2000 2002 2003 2004 2007 2008 2009 2011 2012 2013 2014 2015 2017 2018 2019 2020 2022 2025 2026 2027 2028 2030 2031 2032 2033 2034 2036 2037 2038 2041 2042 2043 2044 2046 2048 2049 2050 2052 2053 2054 2057 2058 2059 2060 2061 2062 2063 2064 2065 2066 2067 2069 2071 2072 2073 2076 2078 2080 2081 2082 2083 2084 2085 2086 2087 2088 2089 2090 2091 2092 2093 2094 2095 2096 2097 2098 2099 2100 2101 2103 2105 2106 2107 2108 2109 2110 2111 2112 2113 2114 2116 2119 2120 2121 2123 2125 2126 2127 2129 2130 2131 2133 2135 2136 2138 2139 2140 2141 2142 2143 2145 2146 2147 2148 2149 2150 2151 2153 2154 2155 2156 2158 2159 2160 2162 2163 2164 2165 2166 2167 2168 2170 2171 2172 2175 2176 2178 2181 2183 2184 2185 2187 2189 2190 2192 2193 2194 2198 2199 2200 2201 2203 2204 2205 2208 2209 2210 2212 2213 2214 2216 2217 2218 2220 2222 2223 2224 2225 2227 2230 2231 2233 2234 2235 2236 2237 2239 2242 2245 2246 2248 2250 2252 2253 2254 2255 2256 2257 2260 2261 2263 2264 2265 2266 2267 2268 2270 2271 2272 2273 2275 2277 2280 2281 2282 2283 2286 2287 2288 2289 2291 2292 2293 2294 2295 2296 2297 2299 2301 2302 2303 2304 2305 2306 2307 2308 2309 2314 2315 2316 2317 2319 2320 2321 2324 2325 2328 2329 2330 2332 2335 2336 2337 2339 2340 2341 2342 2343 2345 2346 2348 2349 2352 2354 2355 2356 2357 2358 2360 2361 2364 2365 2366 2368 2374 2376 2378 2381 2384 2385 2388 2389 2390 2391 2392 2393 2394 2398 2401 2402 2403 2404 2405 2406 2407 2408 2409 2411 2412 2413 2415 2419 2420 2421 2422 2423 2424 2425 2427 2428 2430 2433 2436 2437 2439 2440 2441 2442 2443 2444 2445 2446 2448 2449 2450 2453 2454 2458 2459 2460 2461 2462 2463 2465 2467 2468 2469 2471 2472 2474 2478 2479 2480 2481 2482 2483 2484 2486 2487 2489 2490 2491 2492 2493 2494 2495 2497 2498
Jun 25, 2025, 12:13:59 AM	result 
Jun 25, 2025, 12:13:59 AM	2 4 5 8 10 12 13 15 17 19 20 22 24 26 28 30 32 33 38 39 40 42 43 44 45 46 47 48 49 50 53 54 55 57 58 60 61 62 63 64 65 67 69 70 72 73 74 75 76 77 80 82 83 85 86 87 88 89 92 94 96 97 98 99 101 102 103 104 105 106 107 108 110 113 114 116 117 118 119 120 121 122 123 124 125 126 128 130 133 134 137 140 141 142 143 144 145 147 149 150 151 154 157 158 159 160 162 163 164 165 166 168 169 171 173 174 175 178 179 180 181 182 186 187 188 189 191 192 193 194 195 196 198 199 201 202 203 204 205 207 209 210 211 213 214 215 216 217 218 220 221 222 223 224 225 226 228 230 231 232 233 235 236 238 239 241 242 244 246 248 249 251 252 253 254 255 256 257 258 259 260 261 263 265 266 267 268 270 274 275 276 278 280 281 284 286 287 288 289 290 291 292 294 295 298 299 300 301 302 304 307 308 309 310 311 312 314 315 316 318 319 320 321 323 324 325 326 327 328 330 331 332 333 334 335 337 338 340 341 342 343 345 346 350 351 352 353 354 355 357 358 359 360 362 364 366 369 370 371 372 375 376 379 380 381 382 383 384 386 388 390 391 392 393 394 398 400 401 402 403 404 407 408 410 411 412 413 414 415 416 418 419 421 422 423 424 427 428 429 430 433 434 435 436 437 438 439 440 443 444 446 448 451 453 454 455 457 459 462 463 464 467 469 471 472 473 474 477 478 479 480 481 485 486 488 489 491 493 496 498 499 501 502 503 506 507 508 509 510 511 512 513 516 517 519 521 522 523 524 525 526 528 529 530 532 533 534 535 536 537 538 541 542 543 544 546 549 550 552 556 558 559 560 561 564 565 567 568 571 572 573 574 576 577 578 582 584 586 587 588 590 591 592 593 595 597 598 602 603 605 608 610 612 614 615 617 618 619 622 624 625 626 627 628 629 630 631 632 634 635 636 637 638 639 641 642 643 644 645 646 647 648 649 651 652 653 655 656 658 659 660 661 662 664 665 666 669 671 672 674 675 676 677 679 680 681 683 684 686 687 688 690 692 693 694 695 697 702 703 704 705 706 707 708 710 711 713 715 718 719 720 721 722 724 725 727 728 729 730 733 735 738 740 742 743 744 745 748 749 751 752 754 755 756 759 760 761 763 765 766 770 772 775 776 778 779 781 783 785 786 787 788 789 791 792 793 795 796 797 798 799 800 801 802 803 804 805 807 808 809 810 813 814 815 817 820 821 824 825 826 827 828 829 830 831 832 833 835 836 838 839 842 844 846 847 848 849 850 851 852 853 855 856 857 858 861 862 864 866 868 869 873 875 876 878 879 881 882 883 885 886 888 890 891 894 895 896 897 898 899 900 901 902 903 904 906 907 908 909 910 911 913 914 915 916 917 918 919 920 921 922 923 925 926 927 928 930 931 932 934 935 936 937 942 943 944 945 946 947 948 951 952 953 955 956 957 958 962 963 964 967 968 969 970 971 972 973 975 976 977 978 979 981 983 986 988 990 992 993 995 996 997 998 999 1007 1008 1009 1011 1013 1014 1015 1016 1017 1020 1021 1022 1025 1026 1027 1029 1030 1031 1033 1034 1038 1040 1041 1042 1043 1044 1046 1048 1049 1050 1052 1053 1054 1055 1056 1058 1060 1061 1062 1063 1065 1066 1068 1069 1070 1072 1073 1074 1075 1077 1078 1079 1084 1086 1088 1089 1090 1091 1093 1094 1095 1096 1099 1100 1101 1103 1104 1105 1106 1108 1109 1110 1111 1112 1113 1114 1115 1116 1117 1118 1119 1121 1122 1123 1125 1126 1127 1128 1129 1131 1133 1134 1135 1136 1137 1138 1139 1141 1142 1143 1144 1145 1146 1147 1148 1151 1153 1154 1157 1158 1159 1160 1161 1162 1163 1164 1165 1166 1167 1169 1170 1171 1173 1175 1176 1177 1181 1182 1183 1184 1185 1186 1187 1188 1189 1190 1191 1192 1193 1194 1195 1196 1197 1198 1199 1200 1201 1202 1205 1206 1209 1210 1211 1213 1214 1216 1217 1219 1220 1221 1222 1223 1224 1226 1227 1228 1229 1230 1231 1233 1236 1237 1241 1242 1244 1245 1246 1247 1248 1249 1250 1251 1252 1258 1260 1261 1262 1263 1264 1265 1266 1267 1268 1270 1271 1274 1275 1278 1279 1281 1282 1283 1284 1285 1286 1288 1291 1292 1293 1294 1295 1296 1297 1299 1300 1301 1304 1305 1306 1307 1309 1310 1312 1313 1315 1316 1318 1321 1323 1324 1326 1327 1328 1330 1333 1334 1336 1337 1339 1340 1343 1344 1345 1346 1347 1348 1349 1351 1352 1353 1355 1356 1358 1359 1360 1361 1363 1364 1365 1366 1367 1373 1374 1377 1378 1380 1381 1382 1383 1386 1387 1390 1391 1392 1395 1396 1397 1398 1400 1401 1402 1403 1404 1405 1407 1409 1412 1414 1416 1418 1420 1421 1422 1423 1424 1425 1426 1427 1428 1429 1430 1431 1432 1434 1435 1436 1437 1438 1439 1440 1441 1442 1444 1448 1449 1450 1452 1453 1454 1455 1456 1457 1458 1459 1460 1462 1463 1466 1469 1470 1471 1472 1475 1476 1477 1478 1479 1480 1481 1482 1486 1488 1489 1490 1496 1497 1498 1499 1500 1501 1502 1503 1504 1507 1510 1512 1513 1515 1516 1517 1518 1519 1522 1524 1525 1526 1528 1529 1530 1531 1534 1535 1538 1539 1541 1542 1543 1544 1546 1547 1548 1549 1551 1552 1553 1554 1555 1556 1557 1558 1559 1561 1562 1563 1564 1566 1567 1569 1572 1577 1578 1580 1581 1582 1583 1584 1585 1586 1587 1589 1592 1593 1594 1597 1599 1600 1601 1602 1603 1606 1607 1608 1610 1611 1612 1613 1614 1615 1616 1617 1618 1619 1620 1622 1623 1624 1625 1626 1627 1628 1630 1631 1632 1633 1636 1637 1638 1639 1640 1641 1642 1644 1645 1646 1647 1648 1650 1651 1652 1653 1655 1656 1657 1663 1664 1665 1666 1668 1669 1670 1671 1673 1674 1675 1676 1677 1679 1681 1684 1685 1686 1687 1688 1693 1694 1698 1699 1700 1701 1702 1703 1704 1706 1707 1708 1709 1710 1711 1712 1713 1714 1715 1716 1717 1718 1719 1720 1723 1724 1725 1726 1727 1728 1729 1730 1731 1732 1733 1734 1735 1736 1737 1739 1740 1741 1742 1744 1748 1749 1750 1751 1753 1756 1757 1758 1759 1760 1762 1763 1764 1765 1766 1767 1768 1769 1770 1771 1772 1774 1775 1776 1777 1778 1780 1781 1782 1784 1785 1787 1788 1789 1791 1794 1795 1796 1798 1799 1800 1801 1803 1804 1805 1806 1808 1809 1811 1812 1813 1815 1818 1819 1820 1821 1822 1823 1824 1826 1827 1828 1829 1831 1832 1834 1835 1836 1837 1839 1840 1841 1842 1844 1845 1846 1847 1848 1849 1850 1852 1853 1855 1856 1858 1859 1860 1861 1862 1863 1864 1866 1867 1868 1870 1871 1873 1874 1875 1877 1878 1879 1882 1883 1884 1885 1886 1887 1888 1889 1891 1895 1897 1898 1899 1900 1901 1902 1905 1906 1907 1909 1911 1912 1913 1914 1915 1916 1917 1918 1919 1920 1921 1922 1925 1926 1927 1928 1931 1932 1933 1938 1940 1942 1943 1944 1945 1947 1948 1951 1952 1953 1954 1955 1957 1959 1960 1963 1964 1965 1966 1968 1971 1972 1974 1975 1976 1977 1978 1980 1982 1983 1985 1987 1989 1990 1991 1992 1993 1994 1996 1998 1999 2000 2002 2003 2004 2007 2008 2009 2011 2012 2013 2014 2015 2017 2018 2019 2020 2022 2025 2026 2027 2028 2030 2031 2032 2033 2034 2036 2037 2038 2041 2042 2043 2044 2046 2048 2049 2050 2052 2053 2054 2057 2058 2059 2060 2061 2062 2063 2064 2065 2066 2067 2069 2071 2072 2073 2076 2078 2080 2081 2082 2083 2084 2085 2086 2087 2088 2089 2090 2091 2092 2093 2094 2095 2096 2097 2098 2099 2100 2101 2103 2105 2106 2107 2108 2109 2110 2111 2112 2113 2114 2116 2119 2120 2121 2123 2125 2126 2127 2129 2130 2131 2133 2135 2136 2138 2139 2140 2141 2142 2143 2145 2146 2147 2148 2149 2150 2151 2153 2154 2155 2156 2158 2159 2160 2162 2163 2164 2165 2166 2167 2168 2170 2171 2172 2175 2176 2178 2181 2183 2184 2185 2187 2189 2190 2192 2193 2194 2198 2199 2200 2201 2203 2204 2205 2208 2209 2210 2212 2213 2214 2216 2217 2218 2220 2222 2223 2224 2225 2227 2230 2231 2233 2234 2235 2236 2237 2239 2242 2245 2246 2248 2250 2252 2253 2254 2255 2256 2257 2260 2261 2263 2264 2265 2266 2267 2268 2270 2271 2272 2273 2275 2277 2280 2281 2282 2283 2286 2287 2288 2289 2291 2292 2293 2294 2295 2296 2297 2299 2301 2302 2303 2304 2305 2306 2307 2308 2309 2314 2315 2316 2317 2319 2320 2321 2324 2325 2328 2329 2330 2332 2335 2336 2337 2339 2340 2341 2342 2343 2345 2346 2348 2349 2352 2354 2355 2356 2357 2358 2360 2361 2364 2365 2366 2368 2374 2376 2378 2381 2384 2385 2388 2389 2390 2391 2392 2393 2394 2398 2401 2402 2403 2404 2405 2406 2407 2408 2409 2411 2412 2413 2415 2419 2420 2421 2422 2423 2424 2425 2427 2428 2430 2433 2436 2437 2439 2440 2441 2442 2443 2444 2445 2446 2448 2449 2450 2453 2454 2458 2459 2460 2461 2462 2463 2465 2467 2468 2469 2471 2472 2474 2478 2479 2480 2481 2482 2483 2484 2486 2487 2489 2490 2491 2492 2493 2494 2495 2497 2498
Jun 25, 2025, 12:13:59 AM	density 1.2129735935706085
Jun 25, 2025, 12:13:59 AM	Num cliques 2113
Jun 25, 2025, 12:13:59 AM	Num verticies 1742
Jun 25, 2025, 12:13:59 AM	Total Time: 23942ms
Jun 25, 2025, 12:14:00 AM	


Jun 25, 2025, 12:14:00 AM	dataset randomGraph5
Jun 25, 2025, 12:14:00 AM	V: 10000 E: 124590
Jun 25, 2025, 12:14:00 AM	motif triangle
Jun 25, 2025, 12:14:01 AM	Num components 375
Jun 25, 2025, 12:14:45 AM	Densest Core 
Jun 25, 2025, 12:14:45 AM	1 3 4 5 10 11 14 15 16 17 20 23 24 26 31 33 38 39 41 42 47 51 52 53 54 56 58 59 61 64 68 70 71 74 78 79 80 81 84 87 88 90 93 94 95 96 97 98 99 101 103 105 106 108 109 112 113 117 118 119 120 121 122 123 124 125 127 131 132 134 135 136 139 140 141 142 143 145 146 147 149 150 151 155 156 158 161 163 164 167 168 169 171 173 181 182 183 184 185 186 187 188 189 190 196 198 199 201 202 203 204 206 207 209 212 214 218 221 223 224 225 226 227 231 234 235 237 240 241 242 244 245 248 249 251 252 253 255 256 257 258 260 262 263 266 267 270 272 275 277 278 280 283 284 287 288 290 291 294 295 296 298 301 303 304 307 310 312 313 316 317 320 321 322 330 332 333 336 337 338 339 341 342 345 347 348 350 351 354 357 360 361 362 363 364 366 368 369 370 371 374 375 376 378 381 382 383 386 387 392 395 396 399 401 403 404 405 406 407 408 409 410 412 413 414 417 418 419 420 426 427 428 429 430 431 433 435 437 438 442 443 445 446 448 450 451 452 453 456 459 461 463 464 465 466 467 468 470 471 472 473 474 475 476 477 480 482 483 485 488 490 492 493 498 499 500 502 505 506 507 510 512 518 519 520 524 525 526 530 534 536 538 539 540 541 542 543 546 547 548 549 551 556 559 561 562 563 564 565 566 567 571 572 574 578 580 582 583 585 586 587 591 594 595 596 597 598 599 602 603 605 608 609 612 615 617 621 623 627 628 630 632 633 634 637 638 639 641 643 644 645 648 650 653 658 659 661 663 664 666 667 668 670 671 673 675 676 677 678 680 681 683 686 687 689 690 691 693 695 696 699 700 701 703 704 705 706 709 711 715 716 718 719 720 722 723 724 728 729 731 734 736 737 738 740 741 742 744 747 750 752 754 755 759 761 763 767 768 771 772 773 774 775 779 780 781 782 785 788 789 793 794 795 796 799 800 801 802 805 810 811 814 815 817 818 819 820 822 824 825 827 828 830 833 834 839 840 841 844 848 849 850 853 855 856 857 858 861 866 868 872 874 875 877 878 880 883 884 885 886 889 890 891 895 898 902 903 906 908 911 914 915 916 919 921 922 924 927 933 937 939 941 947 948 950 951 952 955 956 957 958 959 960 961 962 963 967 971 972 973 976 977 978 979 981 982 990 991 994 996 999 1000 1002 1003 1004 1005 1006 1008 1009 1013 1014 1015 1017 1019 1029 1030 1033 1034 1035 1037 1038 1047 1048 1049 1052 1053 1057 1059 1061 1062 1064 1066 1069 1070 1071 1074 1076 1078 1079 1083 1086 1087 1092 1093 1094 1096 1097 1098 1100 1103 1107 1108 1110 1111 1112 1115 1118 1119 1124 1128 1131 1133 1134 1137 1138 1139 1140 1141 1142 1144 1146 1148 1150 1152 1153 1158 1161 1162 1163 1164 1167 1168 1170 1178 1179 1181 1183 1185 1186 1190 1194 1196 1197 1198 1201 1205 1206 1209 1215 1217 1218 1219 1220 1221 1223 1227 1230 1231 1233 1237 1240 1241 1244 1249 1250 1252 1253 1255 1257 1259 1261 1264 1267 1268 1270 1271 1272 1273 1277 1282 1283 1284 1285 1286 1288 1291 1292 1293 1296 1297 1298 1300 1303 1305 1308 1310 1313 1315 1317 1318 1320 1321 1322 1324 1327 1328 1329 1333 1334 1338 1339 1340 1342 1345 1346 1347 1348 1349 1351 1352 1353 1354 1355 1356 1361 1362 1363 1364 1368 1372 1373 1374 1375 1377 1379 1380 1383 1385 1386 1390 1391 1395 1396 1398 1402 1403 1404 1407 1409 1410 1411 1413 1415 1416 1419 1420 1421 1422 1425 1426 1427 1429 1431 1432 1435 1442 1443 1444 1445 1447 1448 1451 1452 1453 1454 1455 1458 1459 1462 1463 1468 1469 1473 1474 1475 1476 1479 1480 1481 1482 1485 1487 1489 1490 1493 1500 1502 1506 1507 1508 1510 1513 1516 1517 1520 1521 1522 1523 1524 1525 1527 1529 1530 1531 1532 1533 1536 1537 1540 1542 1544 1548 1549 1551 1552 1554 1555 1558 1559 1561 1562 1563 1564 1566 1568 1569 1572 1573 1574 1575 1578 1579 1580 1582 1584 1586 1588 1590 1592 1594 1595 1596 1597 1599 1600 1602 1604 1606 1607 1608 1610 1613 1619 1623 1625 1627 1630 1633 1634 1636 1637 1641 1642 1643 1644 1645 1648 1649 1652 1655 1657 1658 1661 1663 1665 1670 1675 1676 1677 1679 1682 1684 1685 1687 1689 1690 1691 1693 1695 1698 1704 1706 1707 1708 1709 1711 1712 1713 1715 1717 1719 1722 1724 1725 1727 1728 1730 1731 1735 1736 1741 1743 1745 1747 1749 1751 1756 1759 1760 1761 1763 1765 1771 1773 1776 1778 1779 1780 1782 1783 1784 1785 1787 1789 1790 1793 1794 1795 1796 1803 1804 1805 1806 1809 1810 1812 1813 1817 1821 1822 1823 1824 1825 1829 1831 1833 1835 1836 1837 1838 1839 1841 1842 1845 1847 1848 1851 1852 1854 1855 1856 1859 1860 1862 1864 1867 1870 1871 1872 1875 1876 1879 1885 1887 1888 1890 1894 1895 1898 1901 1902 1903 1904 1905 1906 1907 1908 1909 1910 1916 1919 1920 1921 1923 1924 1925 1927 1928 1929 1934 1936 1939 1941 1942 1945 1946 1947 1950 1952 1959 1960 1961 1963 1965 1968 1972 1973 1976 1978 1979 1980 1981 1983 1986 1988 1989 1995 1996 1997 1999 2001 2002 2004 2008 2010 2013 2014 2018 2021 2025 2026 2031 2032 2033 2035 2036 2038 2042 2048 2049 2050 2052 2054 2056 2057 2058 2059 2060 2061 2062 2067 2069 2072 2077 2080 2082 2083 2086 2088 2090 2097 2098 2099 2100 2102 2104 2105 2107 2110 2111 2112 2114 2115 2116 2117 2119 2120 2122 2124 2127 2128 2130 2131 2132 2133 2139 2141 2144 2145 2150 2152 2154 2155 2156 2158 2160 2161 2162 2164 2166 2167 2168 2172 2174 2177 2179 2181 2182 2183 2187 2190 2191 2192 2195 2196 2199 2200 2203 2205 2206 2207 2208 2212 2214 2215 2216 2220 2222 2223 2224 2225 2227 2228 2230 2231 2232 2233 2234 2237 2239 2240 2242 2244 2245 2247 2248 2249 2250 2254 2256 2257 2261 2264 2265 2270 2272 2274 2276 2277 2278 2280 2284 2285 2286 2290 2291 2294 2296 2298 2299 2302 2303 2304 2305 2306 2307 2309 2315 2316 2320 2321 2324 2325 2326 2327 2328 2329 2330 2331 2333 2336 2338 2339 2341 2343 2345 2346 2347 2349 2351 2353 2355 2357 2358 2359 2361 2362 2364 2366 2370 2371 2372 2373 2374 2377 2378 2383 2384 2392 2394 2396 2398 2401 2402 2403 2405 2407 2411 2412 2414 2415 2416 2417 2420 2422 2423 2425 2426 2427 2428 2429 2430 2431 2436 2438 2440 2441 2442 2444 2445 2448 2451 2455 2456 2457 2458 2460 2462 2464 2465 2466 2467 2472 2473 2476 2477 2480 2481 2483 2484 2486 2487 2488 2489 2491 2492 2496 2501 2503 2506 2507 2509 2511 2513 2515 2516 2517 2518 2523 2525 2526 2528 2530 2535 2536 2537 2545 2547 2549 2556 2557 2558 2559 2560 2562 2565 2566 2567 2568 2570 2572 2573 2574 2583 2585 2587 2588 2589 2592 2595 2596 2597 2600 2602 2603 2604 2605 2606 2607 2609 2610 2612 2615 2616 2620 2622 2624 2630 2631 2633 2634 2636 2637 2639 2640 2641 2643 2645 2653 2654 2656 2661 2663 2664 2667 2669 2675 2677 2682 2683 2684 2686 2690 2692 2697 2698 2699 2702 2706 2709 2711 2712 2713 2714 2715 2719 2720 2721 2723 2727 2730 2731 2733 2736 2737 2738 2739 2741 2743 2746 2747 2748 2751 2754 2755 2757 2758 2760 2762 2763 2767 2772 2776 2779 2780 2781 2782 2785 2786 2787 2790 2793 2795 2796 2800 2801 2804 2807 2810 2811 2813 2818 2819 2820 2821 2827 2829 2833 2834 2835 2838 2840 2843 2844 2847 2848 2852 2857 2858 2860 2862 2864 2867 2870 2872 2874 2876 2877 2879 2884 2887 2891 2894 2895 2897 2899 2901 2904 2914 2915 2916 2917 2919 2920 2921 2923 2924 2929 2930 2931 2934 2935 2937 2938 2940 2941 2942 2946 2948 2949 2950 2951 2958 2959 2960 2961 2962 2963 2966 2969 2970 2971 2973 2974 2976 2977 2979 2980 2981 2984 2985 2986 2987 2988 2990 2991 2992 2994 2995 2997 2998 3001 3003 3005 3011 3013 3015 3017 3018 3019 3020 3021 3022 3025 3026 3027 3029 3030 3036 3037 3039 3042 3050 3051 3053 3055 3056 3057 3058 3059 3061 3063 3066 3068 3069 3070 3075 3077 3078 3079 3085 3086 3089 3090 3091 3092 3093 3094 3099 3100 3102 3103 3105 3107 3108 3109 3110 3115 3117 3118 3119 3121 3123 3124 3126 3127 3134 3136 3137 3138 3139 3141 3142 3144 3150 3151 3153 3156 3159 3160 3162 3163 3165 3166 3171 3173 3174 3178 3181 3182 3183 3186 3189 3191 3194 3195 3197 3202 3203 3204 3205 3206 3207 3209 3210 3211 3213 3216 3217 3218 3220 3222 3224 3236 3237 3239 3241 3242 3246 3253 3260 3264 3265 3268 3269 3270 3272 3273 3275 3276 3277 3280 3281 3282 3285 3286 3288 3289 3291 3292 3297 3298 3299 3301 3302 3303 3305 3307 3308 3309 3312 3313 3316 3317 3319 3320 3321 3322 3325 3330 3331 3332 3333 3334 3335 3337 3338 3339 3340 3341 3342 3343 3347 3348 3351 3352 3353 3354 3357 3358 3359 3360 3361 3364 3365 3367 3368 3369 3371 3372 3373 3375 3377 3382 3384 3385 3387 3388 3389 3391 3392 3394 3396 3397 3399 3401 3402 3403 3404 3405 3407 3408 3409 3410 3411 3413 3417 3418 3419 3420 3421 3424 3425 3426 3429 3432 3433 3434 3435 3440 3441 3443 3445 3448 3451 3453 3454 3455 3457 3460 3465 3466 3467 3468 3469 3470 3471 3472 3473 3476 3477 3479 3480 3482 3488 3490 3491 3493 3494 3495 3498 3499 3503 3504 3505 3506 3512 3517 3518 3520 3522 3523 3524 3526 3530 3532 3534 3535 3536 3537 3538 3539 3540 3543 3544 3545 3546 3552 3554 3556 3560 3562 3563 3567 3569 3570 3571 3573 3575 3576 3577 3581 3582 3586 3592 3593 3596 3598 3599 3600 3601 3603 3605 3606 3607 3608 3615 3616 3618 3620 3624 3628 3633 3638 3639 3640 3641 3642 3643 3646 3647 3650 3651 3652 3654 3655 3656 3657 3659 3661 3662 3663 3664 3666 3669 3673 3674 3677 3679 3685 3687 3688 3689 3691 3694 3696 3700 3701 3704 3706 3708 3709 3711 3712 3713 3715 3718 3721 3723 3724 3725 3726 3727 3732 3733 3734 3739 3740 3744 3745 3747 3748 3750 3751 3752 3753 3754 3756 3757 3759 3760 3762 3766 3767 3768 3770 3771 3772 3773 3774 3775 3777 3778 3782 3783 3785 3786 3788 3790 3792 3794 3795 3797 3799 3801 3811 3813 3815 3816 3818 3823 3827 3828 3829 3830 3832 3833 3836 3837 3838 3840 3845 3846 3848 3849 3852 3856 3857 3858 3860 3861 3862 3866 3868 3873 3874 3876 3878 3881 3882 3884 3885 3886 3888 3889 3896 3900 3901 3904 3905 3907 3908 3910 3913 3915 3916 3918 3920 3921 3924 3925 3931 3936 3938 3944 3947 3948 3949 3951 3953 3956 3958 3960 3963 3964 3967 3969 3970 3971 3973 3976 3977 3979 3980 3982 3983 3985 3991 3992 3993 3995 3996 3998 3999 4000 4002 4003 4004 4005 4006 4009 4012 4016 4019 4020 4023 4025 4026 4027 4028 4029 4034 4038 4039 4043 4046 4047 4049 4050 4051 4055 4056 4059 4061 4063 4066 4067 4068 4069 4071 4073 4075 4078 4079 4080 4082 4085 4086 4088 4091 4092 4093 4097 4100 4103 4104 4107 4108 4109 4110 4111 4116 4117 4118 4124 4125 4126 4127 4128 4129 4130 4131 4133 4141 4144 4145 4146 4147 4148 4154 4159 4160 4163 4164 4165 4168 4169 4170 4172 4173 4175 4176 4177 4178 4182 4183 4188 4190 4192 4194 4195 4198 4199 4203 4205 4207 4208 4209 4210 4212 4213 4214 4219 4220 4221 4222 4223 4224 4225 4228 4229 4230 4231 4233 4234 4235 4238 4239 4241 4246 4248 4249 4252 4255 4257 4258 4259 4261 4263 4264 4265 4267 4268 4269 4273 4276 4277 4280 4282 4283 4284 4285 4286 4290 4291 4293 4294 4296 4297 4298 4301 4302 4303 4305 4306 4308 4310 4312 4314 4316 4317 4318 4321 4322 4323 4324 4326 4327 4329 4331 4332 4334 4335 4336 4337 4338 4339 4341 4342 4343 4345 4346 4347 4348 4351 4352 4353 4356 4357 4358 4360 4361 4362 4364 4365 4366 4369 4372 4373 4374 4375 4376 4379 4380 4383 4385 4386 4390 4391 4394 4395 4397 4399 4400 4401 4403 4405 4407 4410 4412 4414 4415 4416 4417 4421 4423 4426 4427 4431 4434 4439 4443 4444 4448 4450 4451 4452 4453 4454 4455 4456 4457 4458 4460 4461 4462 4463 4467 4468 4469 4474 4475 4476 4478 4480 4482 4483 4485 4486 4488 4490 4492 4494 4497 4498 4501 4502 4505 4506 4507 4511 4512 4515 4518 4520 4521 4523 4526 4531 4536 4537 4540 4541 4544 4548 4549 4550 4551 4552 4554 4556 4557 4558 4561 4562 4563 4564 4565 4567 4568 4570 4572 4573 4574 4577 4578 4580 4581 4582 4586 4587 4588 4589 4590 4591 4594 4596 4598 4599 4600 4601 4603 4605 4606 4607 4609 4612 4614 4617 4619 4621 4624 4626 4627 4628 4629 4630 4631 4632 4634 4635 4636 4637 4638 4642 4644 4645 4646 4647 4650 4654 4656 4657 4660 4670 4673 4674 4675 4676 4679 4680 4681 4683 4685 4694 4695 4696 4701 4702 4703 4704 4706 4707 4710 4711 4712 4713 4717 4720 4721 4722 4723 4726 4727 4733 4734 4735 4737 4738 4739 4741 4746 4747 4751 4754 4755 4756 4757 4759 4760 4761 4762 4766 4768 4770 4772 4774 4775 4780 4781 4783 4784 4785 4786 4787 4788 4789 4790 4791 4793 4795 4796 4797 4798 4801 4802 4804 4806 4807 4809 4812 4820 4823 4825 4827 4828 4829 4830 4834 4835 4838 4841 4843 4844 4845 4846 4847 4848 4849 4850 4852 4854 4856 4857 4858 4859 4860 4861 4862 4863 4865 4866 4868 4870 4871 4872 4874 4879 4881 4883 4886 4890 4893 4894 4896 4897 4900 4901 4904 4905 4909 4911 4912 4916 4917 4918 4919 4920 4922 4923 4926 4933 4934 4935 4937 4941 4945 4946 4947 4948 4950 4951 4953 4954 4956 4959 4961 4962 4965 4967 4969 4975 4976 4979 4982 4987 4991 4993 4994 4996 5001 5002 5007 5008 5009 5012 5015 5016 5023 5026 5031 5032 5034 5037 5039 5040 5043 5046 5047 5048 5049 5050 5054 5055 5056 5057 5058 5060 5063 5066 5068 5069 5070 5073 5075 5076 5077 5079 5080 5081 5087 5091 5093 5094 5095 5096 5097 5100 5101 5102 5104 5106 5107 5108 5110 5111 5112 5113 5117 5118 5128 5129 5131 5133 5134 5135 5138 5142 5143 5144 5150 5151 5156 5158 5160 5162 5163 5164 5166 5167 5170 5172 5174 5177 5179 5180 5182 5183 5184 5185 5186 5188 5190 5192 5193 5194 5195 5197 5198 5199 5200 5202 5204 5206 5207 5209 5211 5212 5213 5214 5217 5219 5223 5225 5227 5228 5229 5231 5232 5234 5236 5237 5238 5241 5242 5243 5245 5249 5250 5253 5254 5258 5261 5262 5263 5264 5267 5270 5271 5272 5274 5279 5280 5281 5282 5284 5286 5288 5289 5290 5291 5292 5293 5295 5298 5300 5304 5307 5308 5309 5312 5314 5315 5316 5317 5318 5319 5321 5322 5330 5335 5339 5341 5344 5350 5351 5354 5356 5357 5359 5362 5365 5366 5367 5368 5369 5371 5372 5373 5375 5377 5379 5380 5383 5384 5385 5386 5387 5389 5390 5391 5392 5396 5398 5404 5406 5407 5408 5409 5410 5414 5415 5417 5418 5419 5421 5423 5424 5425 5428 5429 5432 5433 5434 5435 5436 5439 5440 5441 5443 5445 5449 5451 5453 5456 5459 5461 5465 5466 5469 5471 5472 5474 5477 5478 5479 5480 5482 5483 5484 5486 5487 5490 5493 5495 5496 5497 5498 5499 5502 5504 5506 5507 5508 5510 5511 5514 5515 5517 5518 5519 5521 5523 5531 5535 5536 5537 5538 5542 5543 5547 5548 5549 5550 5551 5556 5557 5559 5561 5562 5563 5564 5565 5566 5567 5568 5569 5573 5575 5576 5577 5578 5579 5583 5586 5589 5590 5591 5593 5598 5599 5600 5601 5604 5605 5607 5609 5610 5615 5616 5617 5620 5623 5626 5630 5641 5644 5648 5651 5652 5653 5654 5657 5658 5659 5664 5666 5669 5671 5672 5674 5675 5677 5678 5679 5680 5682 5683 5686 5691 5694 5696 5698 5699 5702 5703 5704 5705 5706 5707 5708 5709 5710 5714 5716 5717 5719 5720 5721 5722 5723 5724 5726 5729 5731 5733 5737 5738 5741 5743 5744 5745 5746 5747 5749 5750 5751 5756 5758 5762 5764 5765 5766 5767 5769 5772 5778 5779 5782 5783 5784 5785 5787 5788 5791 5793 5795 5797 5799 5801 5803 5807 5808 5810 5813 5814 5816 5817 5819 5820 5821 5822 5823 5824 5825 5826 5830 5831 5832 5835 5836 5838 5839 5840 5841 5844 5846 5847 5850 5851 5852 5854 5855 5856 5857 5858 5863 5866 5867 5872 5874 5876 5877 5879 5880 5881 5882 5883 5884 5885 5886 5888 5889 5893 5896 5897 5898 5902 5908 5909 5910 5913 5914 5916 5917 5918 5919 5921 5922 5923 5927 5929 5930 5932 5935 5937 5938 5941 5942 5943 5944 5949 5950 5954 5955 5956 5957 5958 5959 5960 5961 5965 5966 5970 5972 5973 5975 5976 5979 5984 5986 5988 5990 5991 5992 5994 5995 5996 5998 5999 6000 6002 6004 6006 6007 6009 6011 6012 6015 6016 6018 6020 6025 6027 6028 6029 6030 6033 6035 6036 6037 6044 6046 6047 6048 6051 6053 6056 6058 6062 6063 6064 6070 6072 6074 6076 6080 6082 6086 6088 6089 6090 6092 6094 6095 6096 6097 6099 6101 6106 6108 6109 6110 6111 6113 6114 6115 6116 6117 6119 6120 6123 6126 6127 6128 6129 6130 6132 6133 6134 6135 6137 6138 6142 6143 6146 6150 6152 6153 6155 6156 6157 6158 6159 6160 6161 6162 6163 6164 6166 6171 6172 6173 6177 6179 6180 6184 6187 6189 6190 6195 6196 6198 6201 6208 6209 6212 6213 6216 6220 6221 6223 6225 6226 6228 6229 6231 6233 6235 6237 6238 6242 6244 6245 6246 6249 6250 6253 6254 6257 6258 6261 6262 6265 6266 6270 6273 6278 6281 6282 6284 6287 6289 6291 6293 6297 6298 6300 6301 6304 6305 6308 6311 6313 6314 6315 6316 6320 6322 6323 6324 6327 6328 6329 6330 6331 6332 6333 6336 6341 6343 6347 6348 6349 6350 6352 6354 6356 6358 6360 6363 6364 6365 6366 6369 6370 6372 6375 6376 6377 6378 6379 6381 6382 6385 6386 6388 6389 6390 6395 6397 6401 6404 6406 6407 6409 6411 6412 6413 6415 6419 6420 6424 6427 6429 6430 6431 6432 6434 6435 6436 6438 6439 6440 6442 6443 6445 6447 6449 6450 6453 6454 6456 6458 6460 6467 6468 6473 6474 6475 6476 6478 6479 6482 6484 6485 6488 6489 6490 6492 6494 6495 6497 6498 6500 6502 6503 6504 6505 6506 6508 6510 6513 6514 6515 6518 6519 6520 6523 6524 6526 6535 6537 6538 6539 6541 6544 6545 6546 6547 6549 6550 6551 6552 6554 6557 6559 6562 6567 6568 6570 6572 6573 6575 6576 6581 6582 6583 6585 6586 6589 6590 6597 6602 6604 6605 6606 6608 6609 6613 6616 6617 6618 6620 6623 6628 6629 6630 6631 6632 6635 6638 6641 6645 6647 6648 6649 6651 6652 6655 6656 6657 6659 6662 6665 6668 6669 6670 6671 6674 6675 6678 6679 6680 6684 6687 6690 6692 6693 6694 6695 6700 6701 6702 6704 6710 6712 6714 6715 6718 6719 6720 6721 6722 6723 6725 6726 6728 6729 6733 6735 6741 6744 6745 6746 6748 6749 6752 6756 6758 6759 6761 6762 6763 6764 6767 6769 6770 6772 6776 6778 6779 6782 6783 6785 6787 6788 6790 6791 6792 6793 6798 6799 6803 6805 6806 6808 6809 6810 6811 6812 6813 6816 6817 6818 6823 6824 6826 6828 6830 6831 6833 6836 6837 6838 6839 6843 6844 6845 6847 6848 6849 6851 6852 6857 6858 6859 6861 6862 6863 6866 6867 6868 6869 6873 6874 6875 6876 6878 6881 6882 6883 6884 6885 6889 6890 6892 6894 6899 6904 6905 6907 6908 6909 6910 6911 6912 6915 6917 6918 6921 6922 6926 6927 6928 6929 6931 6932 6933 6937 6938 6941 6942 6943 6944 6945 6947 6949 6954 6955 6957 6958 6959 6962 6963 6964 6965 6967 6968 6972 6976 6977 6978 6979 6981 6982 6983 6984 6986 6988 6989 6993 6994 6996 6998 6999 7004 7006 7009 7012 7014 7016 7017 7018 7020 7022 7023 7025 7027 7028 7032 7033 7035 7037 7039 7040 7041 7042 7045 7046 7047 7049 7051 7052 7054 7058 7059 7060 7062 7063 7064 7065 7066 7069 7071 7073 7074 7076 7078 7082 7083 7085 7086 7087 7088 7089 7090 7093 7094 7097 7100 7102 7105 7107 7111 7115 7116 7118 7123 7124 7125 7128 7129 7130 7132 7134 7135 7136 7137 7141 7142 7147 7148 7149 7151 7152 7154 7155 7156 7157 7158 7160 7164 7165 7166 7167 7168 7170 7171 7172 7174 7175 7177 7179 7182 7183 7184 7185 7186 7187 7190 7191 7192 7193 7197 7201 7205 7207 7209 7210 7212 7213 7217 7219 7222 7226 7227 7229 7231 7232 7236 7238 7239 7240 7241 7242 7244 7246 7248 7249 7251 7252 7253 7259 7261 7263 7264 7265 7267 7268 7270 7271 7275 7276 7277 7278 7280 7282 7285 7288 7289 7292 7293 7295 7298 7299 7300 7301 7302 7305 7306 7307 7309 7312 7313 7316 7317 7318 7321 7322 7326 7327 7328 7329 7330 7332 7333 7337 7338 7339 7341 7344 7345 7346 7348 7349 7350 7352 7353 7356 7357 7359 7361 7363 7365 7366 7367 7372 7373 7374 7378 7379 7384 7385 7390 7394 7395 7396 7397 7398 7400 7405 7407 7409 7410 7411 7412 7413 7414 7416 7420 7422 7423 7424 7427 7428 7432 7433 7434 7435 7436 7437 7438 7439 7440 7441 7442 7443 7447 7454 7455 7458 7462 7464 7465 7469 7470 7471 7473 7475 7476 7477 7479 7480 7482 7490 7491 7492 7494 7496 7497 7498 7499 7501 7503 7505 7510 7512 7514 7515 7516 7517 7518 7520 7521 7525 7527 7529 7530 7533 7535 7539 7542 7544 7545 7548 7549 7550 7551 7553 7555 7558 7559 7560 7566 7572 7576 7578 7580 7581 7584 7587 7590 7591 7594 7598 7601 7602 7605 7608 7609 7610 7611 7613 7615 7616 7617 7619 7621 7624 7627 7629 7630 7631 7634 7635 7636 7638 7641 7643 7644 7646 7647 7648 7650 7651 7652 7653 7655 7657 7659 7660 7661 7663 7665 7667 7668 7672 7673 7677 7678 7681 7683 7684 7686 7689 7690 7692 7693 7694 7695 7696 7698 7700 7704 7705 7707 7708 7711 7715 7717 7718 7720 7721 7722 7724 7727 7732 7734 7736 7738 7739 7740 7743 7744 7745 7748 7752 7754 7757 7758 7760 7762 7763 7764 7765 7766 7767 7768 7769 7770 7773 7774 7775 7776 7778 7779 7780 7782 7786 7787 7790 7791 7794 7795 7796 7798 7800 7804 7805 7808 7810 7813 7814 7818 7819 7820 7821 7822 7823 7826 7827 7829 7831 7838 7841 7842 7845 7846 7848 7849 7851 7852 7856 7858 7861 7862 7863 7864 7865 7867 7870 7871 7872 7873 7876 7880 7881 7882 7886 7887 7888 7890 7891 7893 7897 7898 7899 7901 7904 7905 7907 7909 7914 7916 7919 7920 7922 7925 7927 7930 7933 7937 7941 7942 7943 7944 7945 7949 7950 7951 7954 7955 7956 7957 7961 7962 7963 7965 7967 7968 7969 7971 7972 7973 7975 7976 7981 7982 7984 7986 7987 7991 7993 7996 7998 7999 8001 8002 8003 8006 8009 8010 8011 8012 8013 8014 8015 8018 8020 8021 8022 8023 8024 8032 8033 8035 8040 8041 8043 8044 8045 8049 8050 8053 8059 8060 8061 8063 8064 8066 8067 8068 8069 8071 8077 8080 8081 8082 8084 8086 8090 8091 8092 8095 8096 8097 8098 8102 8104 8107 8110 8111 8113 8114 8115 8121 8122 8123 8124 8125 8127 8128 8130 8131 8132 8133 8134 8135 8136 8137 8138 8139 8140 8141 8145 8146 8147 8151 8152 8156 8159 8162 8168 8169 8172 8174 8175 8176 8178 8181 8188 8189 8190 8191 8193 8198 8201 8202 8204 8208 8210 8211 8213 8214 8215 8218 8220 8221 8224 8225 8226 8227 8230 8231 8232 8233 8236 8237 8238 8239 8242 8245 8246 8250 8251 8254 8255 8256 8259 8260 8261 8263 8265 8267 8268 8269 8270 8271 8275 8279 8280 8281 8283 8285 8290 8291 8292 8293 8294 8295 8296 8301 8302 8303 8304 8305 8306 8307 8309 8314 8315 8316 8318 8320 8325 8326 8327 8329 8331 8332 8334 8335 8336 8340 8347 8349 8351 8352 8354 8356 8360 8361 8362 8364 8368 8370 8371 8372 8375 8377 8378 8380 8382 8383 8384 8386 8389 8390 8393 8394 8396 8398 8401 8402 8403 8404 8413 8414 8418 8420 8421 8422 8425 8428 8429 8430 8431 8432 8434 8436 8437 8439 8440 8445 8446 8447 8448 8449 8450 8451 8452 8453 8455 8456 8457 8463 8464 8465 8466 8469 8471 8473 8474 8475 8478 8481 8485 8486 8489 8490 8491 8492 8493 8494 8495 8499 8501 8504 8505 8506 8511 8513 8514 8516 8517 8518 8521 8525 8527 8528 8531 8535 8536 8538 8539 8540 8541 8542 8546 8547 8549 8550 8551 8552 8553 8554 8556 8558 8560 8561 8563 8564 8570 8571 8572 8573 8575 8576 8579 8582 8583 8585 8587 8589 8591 8592 8596 8597 8599 8601 8602 8604 8605 8614 8616 8618 8619 8620 8622 8623 8625 8626 8632 8633 8634 8637 8638 8641 8643 8644 8645 8646 8647 8648 8649 8651 8652 8654 8655 8656 8657 8658 8660 8662 8663 8664 8665 8666 8668 8671 8672 8673 8675 8685 8688 8692 8694 8695 8697 8700 8701 8702 8704 8705 8709 8711 8712 8713 8715 8718 8719 8720 8721 8724 8725 8727 8728 8730 8731 8733 8734 8735 8736 8737 8738 8741 8742 8744 8745 8747 8749 8752 8753 8754 8757 8759 8760 8764 8768 8769 8773 8776 8777 8778 8780 8782 8784 8787 8788 8790 8794 8798 8799 8803 8805 8807 8809 8810 8812 8815 8816 8817 8820 8822 8823 8830 8832 8835 8844 8845 8847 8849 8850 8851 8852 8853 8854 8855 8856 8858 8859 8861 8863 8868 8869 8870 8872 8874 8875 8876 8877 8878 8880 8881 8882 8884 8886 8887 8889 8890 8891 8893 8895 8898 8900 8903 8904 8905 8908 8909 8916 8918 8920 8926 8927 8929 8931 8933 8934 8936 8937 8939 8940 8942 8943 8946 8947 8948 8950 8951 8954 8958 8959 8960 8964 8967 8968 8969 8972 8973 8974 8978 8984 8991 8993 8996 8998 8999 9000 9001 9007 9008 9009 9010 9013 9015 9016 9019 9021 9023 9024 9025 9026 9028 9030 9031 9032 9033 9034 9036 9037 9038 9041 9042 9045 9046 9047 9053 9054 9055 9056 9057 9058 9060 9064 9066 9067 9068 9070 9073 9074 9075 9076 9078 9079 9080 9081 9084 9088 9090 9091 9092 9094 9095 9099 9100 9102 9106 9109 9111 9113 9115 9117 9120 9121 9125 9130 9132 9133 9134 9135 9136 9137 9138 9139 9140 9143 9144 9146 9147 9150 9154 9157 9162 9164 9165 9167 9168 9169 9170 9171 9172 9174 9176 9178 9180 9181 9182 9184 9186 9187 9190 9191 9192 9193 9195 9196 9197 9198 9199 9202 9203 9205 9207 9208 9209 9210 9213 9216 9219 9220 9221 9222 9225 9227 9228 9230 9232 9233 9234 9235 9237 9238 9239 9240 9241 9242 9244 9246 9248 9250 9251 9252 9254 9255 9256 9259 9263 9264 9265 9268 9271 9273 9274 9279 9280 9287 9289 9290 9292 9293 9294 9295 9296 9300 9303 9304 9307 9309 9312 9313 9314 9315 9316 9319 9320 9321 9323 9324 9325 9326 9334 9337 9338 9341 9343 9344 9345 9347 9348 9352 9353 9354 9355 9357 9358 9361 9362 9363 9364 9365 9370 9373 9374 9376 9379 9380 9381 9384 9385 9386 9389 9391 9394 9395 9396 9399 9400 9402 9403 9408 9412 9416 9417 9421 9422 9424 9425 9426 9427 9429 9430 9432 9434 9441 9442 9445 9446 9447 9451 9452 9453 9454 9455 9456 9457 9459 9460 9461 9463 9465 9468 9471 9473 9475 9476 9479 9481 9482 9484 9485 9493 9494 9495 9497 9498 9499 9501 9502 9503 9504 9509 9511 9512 9513 9515 9516 9517 9518 9519 9523 9525 9526 9527 9529 9530 9532 9533 9535 9537 9538 9545 9547 9549 9551 9552 9554 9556 9558 9559 9560 9562 9563 9566 9570 9571 9573 9577 9582 9585 9586 9589 9590 9592 9595 9596 9598 9599 9601 9603 9604 9605 9609 9611 9616 9619 9623 9625 9629 9630 9633 9636 9637 9639 9643 9645 9646 9650 9652 9656 9658 9659 9660 9661 9662 9664 9667 9671 9672 9673 9676 9677 9678 9680 9682 9683 9684 9685 9689 9694 9696 9698 9699 9702 9703 9704 9705 9707 9711 9712 9713 9714 9715 9717 9719 9720 9721 9723 9728 9729 9730 9731 9734 9735 9738 9739 9741 9742 9743 9744 9745 9746 9749 9751 9752 9754 9755 9759 9761 9762 9764 9767 9768 9769 9770 9779 9780 9782 9785 9786 9787 9788 9790 9791 9793 9794 9795 9796 9799 9800 9801 9802 9804 9805 9807 9808 9809 9816 9817 9821 9823 9824 9825 9826 9827 9829 9830 9831 9832 9833 9834 9835 9837 9838 9839 9840 9843 9844 9845 9847 9848 9850 9851 9853 9856 9861 9862 9864 9865 9867 9871 9873 9875 9878 9879 9881 9884 9885 9889 9891 9893 9894 9896 9897 9899 9903 9904 9905 9908 9909 9910 9912 9915 9916 9917 9919 9920 9921 9922 9923 9924 9925 9928 9929 9936 9939 9942 9944 9945 9947 9949 9950 9951 9954 9957 9959 9961 9962 9965 9966 9968 9971 9972 9974 9975 9976 9979 9981 9984 9985 9988 9992 9995 9997 9998 9999
Jun 25, 2025, 12:14:45 AM	result 
Jun 25, 2025, 12:14:45 AM	218 350 2987 3488 3718 4297 6201 6858
Jun 25, 2025, 12:14:45 AM	density 0.75
Jun 25, 2025, 12:14:45 AM	Num cliques 6
Jun 25, 2025, 12:14:45 AM	Num verticies 8
Jun 25, 2025, 12:14:45 AM	Total Time: 44270ms
Jun 25, 2025, 12:14:45 AM	


Jun 25, 2025, 12:14:45 AM	dataset randomGraph4
Jun 25, 2025, 12:14:45 AM	V: 2500 E: 312386
Jun 25, 2025, 12:14:45 AM	motif triangle
Jun 25, 2025, 2:14:59 AM	dataset randomGraph4
Jun 25, 2025, 2:14:59 AM	V: 2500 E: 312386
Jun 25, 2025, 2:14:59 AM	motif triangle
Jun 25, 2025, 2:17:36 AM	dataset randomGraph4
Jun 25, 2025, 2:17:36 AM	V: 2500 E: 312386
Jun 25, 2025, 2:17:36 AM	motif triangle
Jun 25, 2025, 2:18:36 AM	dataset randomGraph2
Jun 25, 2025, 2:18:37 AM	V: 500 E: 62620
Jun 25, 2025, 2:18:37 AM	motif triangle
Jun 25, 2025, 2:20:38 AM	dataset randomGraph2
Jun 25, 2025, 2:20:38 AM	V: 500 E: 62620
Jun 25, 2025, 2:20:39 AM	motif triangle
Jun 25, 2025, 2:23:31 AM	dataset randomGraph2
Jun 25, 2025, 2:23:32 AM	V: 500 E: 62620
Jun 25, 2025, 2:23:32 AM	motif triangle
Jun 25, 2025, 2:25:36 AM	dataset randomGraph2
Jun 25, 2025, 2:25:36 AM	V: 500 E: 62620
Jun 25, 2025, 2:25:36 AM	motif triangle
